200     0.19325     3.33971
205     0.07904     3.39343
210     -0.08763     3.45025
215     -0.20107     3.58034
220     -0.32046     3.67766
225     -0.39255     3.8008
230     -0.51991     3.87035
235     -0.59355     3.99603
240     -0.67868     4.11324
245     -0.79754     4.22507
250     -0.92099     4.36396
255     -1.077     4.48687
260     -1.20375     4.66458
265     -1.29771     4.83673
270     -1.35464     5.01947
275     -1.36845     5.23711
280     -1.35091     5.40672
285     -1.33073     5.50314
290     -1.32002     5.55841
295     -1.28155     5.65584
300     -1.23244     5.76746
305     -1.22886     5.79376
310     -1.24246     5.78948
315     -1.22975     5.83432
320     -1.2289     5.84897
325     -1.28189     5.74639
330     -1.34392     5.6061
335     -1.3609     5.53189
340     -1.33333     5.5274
345     -1.28468     5.55186
350     -1.24168     5.57995
355     -1.2343     5.60012
360     -1.27583     5.60759
365     -1.34989     5.60867
370     -1.43827     5.61045
375     -1.5238     5.61846
380     -1.59043     5.63658
385     -1.62652     5.66722
390     -1.63894     5.70286
395     -1.64476     5.73108
400     -1.65775     5.7417
405     -1.6784     5.73571
410     -1.69623     5.72388
415     -1.70232     5.71529
420     -1.69644     5.70927
425     -1.68936     5.69297
430     -1.6913     5.65445
435     -1.70837     5.58621
440     -1.7326     5.49607
445     -1.75268     5.39683
450     -1.75963     5.29868
455     -1.7474     5.20855
460     -1.72543     5.11803
465     -1.70635     5.01392
470     -1.70092     4.886
475     -1.71796     4.72664
480     -1.77052     4.53778
485     -1.86833     4.32793
490     -2.01986     4.10155
495     -2.2319     3.85974
500     -2.50672     3.60195
505     -2.82719     3.33521
510     -3.17189     3.07203
515     -3.52616     2.82637
520     -3.87983     2.61531
525     -4.2273     2.45475
530     -4.57079     2.3401
535     -4.91319     2.25887
540     -5.25545     2.19886
545     -5.5969     2.14837
550     -5.93619     2.09546
555     -6.27264     2.03326
560     -6.60738     1.96454
565     -6.94232     1.89219
570     -7.27906     1.81965
575     -7.61939     1.74961
580     -7.96616     1.68555
585     -8.31978     1.62911
590     -8.6812     1.58105
595     -9.0478     1.53861
600     -9.41788     1.50033
605     -9.78917     1.46381
610     -10.1595     1.4273
615     -10.5274     1.389
620     -10.89032     1.34733
625     -11.24838     1.30246
630     -11.6023     1.25626
635     -11.95285     1.21017
640     -12.30062     1.16592
645     -12.64695     1.12472
650     -12.99217     1.08788
655     -13.33742     1.05707
660     -13.68314     1.03372
665     -14.03029     1.01788
670     -14.37863     1.00897
675     -14.72837     1.00612
680     -15.07936     1.00844
685     -15.43202     1.0152
690     -15.7861     1.02552
695     -16.14144     1.03836
700     -16.49838     1.05294
705     -16.85658     1.06853
710     -17.21612     1.08464
715     -17.57731     1.10125
720     -17.94004     1.11848
725     -18.30468     1.13648
730     -18.67105     1.15535
735     -19.03931     1.17521
740     -19.40974     1.19618
745     -19.78218     1.21834
750     -20.15702     1.2418
755     -20.53411     1.26665
760     -20.9133     1.29291
765     -21.29555     1.32056
770     -21.68034     1.34907
775     -22.06828     1.37816
780     -22.4594     1.40754
785     -22.85358     1.43693
790     -23.25097     1.46608
795     -23.65212     1.49482
800     -24.05782     1.52263
805     -24.46705     1.54938
810     -24.88027     1.57495
815     -25.29746     1.59917
820     -25.71834     1.62186
825     -26.14507     1.64227
830     -26.57534     1.66136
835     -27.00857     1.67944
840     -27.44424     1.69676
845     -27.88362     1.7137
850     -28.32425     1.73083
855     -28.76608     1.74833
860     -29.2094     1.76664
865     -29.65337     1.78642
870     -30.09725     1.80747
875     -30.54076     1.83004
880     -30.98365     1.8556
885     -31.42557     1.8831
890     -31.86629     1.9128
895     -32.30502     1.94666
900     -32.74283     1.9825
905     -33.17941     2.021
910     -33.61518     2.06244
915     -34.05093     2.10523
920     -34.48735     2.15044
925     -34.92475     2.19712
930     -35.3628     2.24479
935     -35.80309     2.2942
940     -36.24462     2.34405
945     -36.68934     2.39488
950     -37.13661     2.44609
955     -37.58602     2.4976
960     -38.04057     2.54928
965     -38.49659     2.60099
970     -38.9597     2.6523
975     -39.42447     2.70341
980     -39.8954     2.75373
985     -40.36984     2.80359
990     -40.85032     2.85262
995     -41.33508     2.90114
1000     -41.82432     2.94912

