1200     -0.0001336545683
1199.5   -0.00001827510823
1199     -0.00008660581079
1198.5   -0.0004329599033
1198     -0.0002464680001
1197.5   -0.000332869502
1197     0.000023945180150000002
1196.5   -0.0001768169313
1196     -0.0001107778153
1195.5   -0.000158703755
1195     0.000045354583560000005
1194.5   -0.0001521828235
1194     -0.0002401553793
1193.5   -0.0001755749108
1193     -0.0002151108929
1192.5   -0.0002945341985
1192     -0.000025936966269999998
1191.5   -0.0001077240377
1191     -3.986420779e-6
1190.5   -0.0001115024352
1190     -0.00002334851524
1189.5   -0.0001581862307
1189     0.00006790420593
1188.5   -0.0001650693303
1188     -0.000043175648899999996
1187.5   0.00007038965123
1187     -0.00005896423318
1186.5   -0.00005580656216
1186     0.00006471974484000001
1185.5   -0.0001689507335
1185     0.0000769916951
1184.5   -0.00008137786062
1184     -0.00005901599798
1183.5   0.00007259032282
1183     0.00006979417958
1182.5   0.0000123477821
1182     6.005586329e-6
1181.5   0.00004856479063
1181     0.0001261088619
1180.5   -0.0002853249316
1180     0.00001206302841
1179.5   -0.000051872382760000006
1179     -0.00009675096953
1178.5   -0.0002109711641
1178     0.0002215886343
1177.5   -0.0003250061127
1177     0.00001698152664
1176.5   -0.0002809789439
1176     0.00002511011553
1175.5   0.00008538031398
1175     0.000271110679
1174.5   -0.0002200785093
1174     0.00001910426545
1173.5   -0.0003355078225
1173     0.00003075361747
1172.5   0.00003274698611
1172     0.000133721609
1171.5   0.0002429041924
1171     0.0001351975661
1170.5   0.00002143411075
1170     0.0003094475542
1169.5   0.00007054499292
1169     0.0003167785471
1168.5   0.0001687834156
1168     0.0001665563614
1167.5   0.0003321403929
1167     0.0002572014637
1166.5   0.00002241782749
1166     0.0002524615556
1165.5   -0.00006082776599
1165     0.0002825077681
1164.5   0.0003091625986
1164     0.000487447367
1163.5   0.0002512182982
1163     0.0004081286897
1162.5   0.0002737268223
1162     0.000248317403
1161.5   0.0003198353224
1161     0.0002629515948
1160.5   0.0003303788253
1160     0.0004429794499
1159.5   0.0001467205584
1159     0.0003730216413
1158.5   0.000391546404
1158     0.0003968837555
1157.5   0.0003961582843
1157     0.0004440677585
1156.5   0.0005868169828
1156     0.0003506116045
1155.5   0.00009516724822000001
1155     0.0003752238408
1154.5   0.000029148577599999997
1154     0.0002928690228
1153.5   0.0004313449317
1153     0.0004457520845
1152.5   0.0004695145471
1152     0.0004198921088
1151.5   0.0003989306279
1151     0.0005512807984
1150.5   0.0006338401581
1150     0.0004980986123
1149.5   0.0008815087494
1149     0.0004837674496
1148.5   0.0007216269732
1148     0.0004785326892
1147.5   0.0009335706127
1147     0.000525673735
1146.5   0.0007521983352
1146     0.0004455188755
1145.5   0.0005274361465
1145     0.0005331638968
1144.5   0.0007056549657
1144     0.0004455188755
1143.5   0.0005155142862
1143     0.000431889086
1142.5   0.0006752164918
1142     0.0003934378037
1141.5   0.0003573733557
1141     0.0004830418329
1140.5   0.0007447303506
1140     0.000383825507
1139.5   0.0005045775324
1139     0.000491541985
1138.5   0.0006246373523
1138     0.0003333579807
1137.5   0.0004377451842
1137     0.0005188575597
1136.5   0.0005793777527
1136     0.0004107456189
1135.5   0.0003320108808
1135     0.0002699450997
1134.5   0.0003008732747
1134     0.0002287886746
1133.5   0.0002994485549
1133     0.000281549379
1132.5   0.0001533237664
1132     0.0003032564418
1131.5   0.0002707739768
1131     0.0003178147599
1130.5   0.0006891131634
1130     0.0003366739256
1129.5   0.0004185188445
1129     0.0004210062907
1128.5   -4.141735189e-6
1128     0.0001732634555
1127.5   0.0002112290822
1127     0.0004318631836
1126.5   0.0003478395811
1126     0.0004902721266
1125.5   0.0003050956293
1125     0.000413414411
1124.5   0.0006104316562
1124     0.0003206642868
1123.5   0.0002933352953
1123     0.0003103282943
1122.5   0.0004251261707
1122     0.0002806168923
1121.5   0.0002164347243
1121     0.0003865459294
1120.5   0.0002852016769
1120     0.0003044221085
1119.5   0.0002065932786
1119     0.0003740838729
1118.5   0.0003514147247
1118     0.0003582283098
1117.5   -0.0001648105681
1117     0.0003176075115
1116.5   0.0001778471196
1116     0.00041364762
1115.5   -0.00002961253813
1115     0.0003475027916
1114.5   0.00002202951691
1114     0.0003159496118
1113.5   -0.00008639876614
1113     0.0005010011373
1112.5   0.0002311973367
1112     0.0004144508566
1111.5   -0.000192755906
1111     0.0002342794178
1110.5   0.0003116235312
1110     0.0004372528347
1109.5   0.000012477215930000001
1109     0.0003333579807
1108.5   0.0004173528578
1108     0.0003540831385
1107.5   0.0004395590222
1107     0.0004670786439
1106.5   -4.038192401e-6
1106     0.0003261562088
1105.5   0.0003181256179
1105     0.0004040607892
1104.5   0.0005285764928
1104     0.0003317518276
1103.5   0.0004499240313
1103     0.0004682965809
1102.5   0.00009752339247
1102     0.0002092867071
1101.5   0.0004726242332
1101     0.0004404918582
1100.5   0.00009190491255
1100     0.0003902509343
1099.5   0.0002955370874
1099     0.0003304047277
1098.5   0.0004810723185
1098     0.0004753711401
1097.5   0.0006317144143
1097     0.000583602814
1096.5   0.0005266327062
1096     0.0004199180403
1095.5   0.0005656401045
1095     0.000416834635
1094.5   0.0005100718117
1094     0.0005878019729
1093.5   0.0005493368953
1093     0.0004567650612
1092.5   0.0006241707015
1092     0.000374757481
1091.5   0.0005103309522
1091     0.0003987751552
1090.5   0.000564629212
1090     0.0004112897441
1089.5   0.0006195305032
1089     0.0004420984187
1088.5   0.0004481619399
1088     0.0004152281617
1087.5   0.0003749906609
1087     0.000390769128
1086.5   0.0004287537886
1086     0.0003703012771
1085.5   0.0005170692457
1085     0.0004288055934
1084.5   0.0004996276111
1084     0.000436164526
1083.5   0.0007024139632
1083     0.0004498462949
1082.5   0.0004165237187
1082     0.0004070922732
1081.5   0.0004762262979
1081     0.0004809945822
1080.5   0.0002799434005
1080     0.000383462786
1079.5   0.0004176378716
1079     0.0005427276483
1078.5   0.0001798670564
1078     0.0004438086471
1077.5   0.0002939569822
1077     0.0005438421504
1076.5   0.0002498714603
1076     0.000514607178
1075.5   0.0002795548644
1075     0.0005161362933
1074.5   0.0004231569183
1074     0.0005339155323
1073.5   0.0006494984264
1073     0.0005414317711
1072.5   0.0008027145523
1072     0.0005700464826
1071.5   0.0006633683806
1071     0.0004124557308
1070.5   0.0008873709012
1070     0.0006484873593
1069.5   0.0007879584446
1069     0.0005200497108
1068.5   0.0006329328753
1068     0.0004692813091
1067.5   0.0006978766178
1067     0.00052494806
1066.5   0.0006281888345
1066     0.0005072469357
1065.5   0.0003859759308
1065     0.0005099162809
1064.5   0.0006900984445
1064     0.0006546833902
1063.5   0.0007476864266
1063     0.0004825494543
1062.5   0.0006596869789
1062     0.0007423706702
1061.5   0.0006706275744
1061     0.0006171715213
1060.5   0.0005788333947
1060     0.0005456823856
1059.5   0.0002505966986
1059     0.0004805799399
1058.5   0.0005472374614
1058     0.0006137756282
1057.5   0.0005328528932
1057     0.0005863244878
1056.5   0.0007000027108
1056     0.0005495183286
1055.5   0.0008495277143
1055     0.0006425766042
1054.5   0.0007372105611
1054     0.0005790148862
1053.5   0.0007932488224
1053     0.0006111834082
1052.5   0.0005120932474
1052     0.0004418911121
1051.5   0.0006738942466
1051     0.0007273572846
1050.5   0.0004693072406
1050     0.000573312398
1049.5   0.0004356722056
1049     0.0005688800593
1048.5   0.0007310392684
1048     0.0006364585133
1047.5   0.0003589796252
1047     0.0006947653019
1046.5   0.000323332526
1046     0.0003832296061
1045.5   0.0003531505063
1045     0.0004475400492
1044.5   0.0004580866371
1044     0.0006537500885
1043.5   0.0008345365641
1043     0.0006512613036
1042.5   0.0006387138856
1042     0.0007693648804
1041.5   0.0006446245825
1041     0.0006541389739
1040.5   0.0006853537634
1040     0.0006489281077
1039.5   0.0007517056656
1039     0.0006617609761
1038.5   0.0008186122868
1038     0.0006750868633
1037.5   0.0005230042734
1037     0.0006731942412
1036.5   0.0006536464207
1036     0.0006081245374
1035.5   0.0004986427957
1035     0.0005491295597
1034.5   0.0007221455453
1034     0.0007672384963
1033.5   0.0004599264648
1033     0.0005445160205
1032.5   0.0007376513677
1032     0.0006622535875
1031.5   0.0003983606002
1031     0.0007153780898
1030.5   0.0008489571046
1030     0.0006620979984
1029.5   0.0007282129955
1029     0.0007366141654
1028.5   0.00103244558
1028     0.0006143459468
1027.5   0.00059428229
1027     0.0007620262331
1026.5   0.000391546404
1026     0.0006641980144
1025.5   0.0007209009491
1025     0.0006607239484
1024.5   0.0005910421605
1024     0.0008544297307
1023.5   0.0009312358452
1023     0.000734695408
1022.5   0.0007854689029
1022     0.0007607556181
1021.5   0.0005326196551
1021     0.0006906169583
1020.5   0.001135184197
1020     0.0008369745337
1019.5   0.0008206352359
1019     0.0008093796205
1018.5   0.0006748535088
1018     0.000746389851
1017.5   0.0006862353184
1017     0.0006556426524
1016.5   0.0009202108486
1016     0.0007016879972
1015.5   0.00106581545
1015     0.0007747847121
1014.5   0.0005392287276
1014     0.0007343323668
1013.5   0.0006408914924
1013     0.0006489540101
1012.5   0.0009040240548
1012     0.0007237790851
1011.5   0.000746078731
1011     0.0007668235921
1010.5   0.0008152148803
1010     0.0007785189664
1009.5   0.0006077616708
1009     0.0006610869314
1008.5   0.0007949344581
1008     0.0008112728246
1007.5   0.0009548951639
1007     0.0008611474768
1006.5   0.000775433029
1006     0.0006441061269
1005.5   0.0008343031514
1005     0.0008053079364
1004.5   0.0008276895969
1004     0.0006800647243
1003.5   0.0008510838961
1003     0.0007810862735
1002.5   0.0009545838693
1002     0.0009110019309
1001.5   0.000805333897
1001     0.0009052432142
1000.5   0.0007239087136
1000     0.0007947011036
999.5    0.0008677615551
999      0.0008212057874
998.5    0.0005881648976
998      0.0007422410417
997.5    0.001072276966
997      0.0008264447097
996.5    0.0008319430053
996      0.000934530457
995.5    0.001109594596
995      0.0009842116851
994.5    0.000827897049
994      0.0007817864534
993.5    0.001103262301
993      0.0009719399968
992.5    0.0008105725865
992      0.0009112094413
991.5    0.0009580083424
991      0.0009197439067
990.5    0.0009773623897
990      0.000959720579
989.5    0.001123038004
989      0.0008406055858
988.5    0.0007336063427
988      0.001085018506
987.5    0.001094101346
987      0.0009456336265
986.5    0.0006026290939
986      0.0009764283313
985.5    0.0008980060229
985      0.001078894245
984.5    0.001268087537
984      0.001007484738
983.5    0.0009588125977
983      0.001027982566
982.5    0.0009736004286
982      0.00113313389
981.5    0.001066827448
981      0.0008212057874
980.5    0.0007278759149
980      0.0009382660501
979.5    0.0009473458631
979      0.001061922987
978.5    0.001090623904
978      0.001021418022
977.5    0.001192986965
977      0.001145436079
976.5    0.001193765667
976      0.001089170692
975.5    0.0008223988116
975      0.001037219889
974.5    0.001113461447
974      0.0009996490553
973.5    0.001157660736
973      0.0009974696441
972.5    0.001220632228
972      0.001130875899
971.5    0.001042176038
971      0.0009561404586
970.5    0.0007930932334
970      0.001066931291
969.5    0.0006862093578
969      0.001018849202
968.5    0.000984289567
968      0.001163189183
967.5    0.001063324278
967      0.001193532022
966.5    0.001527548069
966      0.001322454656
965.5    0.001401265385
965      0.001155947684
964.5    0.0007708171033
964      0.001076454879
963.5    0.001085563563
963      0.001233819523
962.5    0.001369791338
962      0.001197685255
961.5    0.001326479251
961      0.001182318665
960.5    0.001761457534
960      0.001335800858
959.5    0.001261415426
959      0.001165940426
958.5    0.0009783481946
958      0.001102146343
957.5    0.001365065225
957      0.001221982064
956.5    0.001294543268
956      0.001247059088
955.5    0.001225252869
955      0.001191195915
954.5    0.001366701094
954      0.001193090808
953.5    0.0009491099045
953      0.001134223887
952.5    0.001388618373
952      0.001339384122
951.5    0.001435494632
951      0.001325830119
950.5    0.001462791697
950      0.001288623665
949.5    0.0009216116159
949      0.00134447345
948.5    0.001287741004
948      0.001303111203
947.5    0.00166070147
947      0.001350653474
946.5    0.001335177687
946      0.001466064365
945.5    0.001415341161
945      0.001277901232
944.5    0.00136397453
944      0.001339591807
943.5    0.001264141407
943      0.001299502328
942.5    0.001620218507
942      0.001343434793
941.5    0.001483440981
941      0.001437806175
940.5    0.00147292146
940      0.001336761634
939.5    0.0011863939
939      0.0012931932
938.5    0.001130486606
938      0.001265231753
937.5    0.001552278991
937      0.001435182989
936.5    0.001318585942
936      0.001457025763
935.5    0.001478142221
935      0.001527651912
934.5    0.001145981019
934      0.001425911207
933.5    0.0015088449
933      0.001527677872
932.5    0.001175829559
932      0.001712674857
931.5    0.001493545249
931      0.001316612586
930.5    0.001321208314
930      0.001453831093
929.5    0.001279017539
929      0.001647241414
928.5    0.001923854812
928      0.001567320898
927.5    0.001540173078
927      0.001545550535
926.5    0.001676033018
926      0.001487077447
925.5    0.001344629331
925      0.001430975622
924.5    0.001682997332
924      0.00155734492
923.5    0.001702539506
923      0.001628429163
922.5    0.0019350613
922      0.001605850295
921.5    0.001314587425
921      0.001479908475
920.5    0.001629130682
920      0.001670965692
919.5    0.001367012737
919      0.001659947913
918.5    0.001806840533
918      0.001735856989
917.5    0.001515936339
917      0.001538094832
916.5    0.001296776114
916      0.001566125895
915.5    0.001483882545
915      0.001440507243
914.5    0.001806580578
914      0.001507260371
913.5    0.001740613137
913      0.001534977579
912.5    0.001544979052
912      0.001681256224
911.5    0.002082593273
911      0.001602654578
910.5    0.00141251029
910      0.001625700854
909.5    0.00173653278
909      0.001549343462
908.5    0.00158428587
908      0.001583402511
907.5    0.001778144157
907      0.001770060742
906.5    0.001717664651
906      0.001639965805
905.5    0.001556409639
905      0.001782952808
904.5    0.001906226506
904      0.001864108839
903.5    0.001550746267
903      0.001745265326
902.5    0.001217335463
902      0.001672628801
901.5    0.001896970673
901      0.001787631423
900.5    0.001503312029
900      0.001674032072
899.5    0.001581350109
899      0.001846560976
898.5    0.001696328516
898      0.001671693288
897.5    0.00172590313
897      0.001804007217
896.5    0.002029847354
896      0.001814534771
895.5    0.001840555924
895      0.002013436984
894.5    0.001904510544
894      0.001982100774
893.5    0.00172806019
893      0.001825062558
892.5    0.001907890546
892      0.001930511091
891.5    0.001844455255
891      0.002064022236
890.5    0.001861743047
890      0.001730789081
889.5    0.001958125271
889      0.002068937989
888.5    0.001969332807
888      0.002049509203
887.5    0.002023683628
887      0.001933059189
886.5    0.002314928221
886      0.002124133753
885.5    0.001890262938
885      0.002003164729
884.5    0.001978252083
884      0.001918134629
883.5    0.001962129725
883      0.002069874434
882.5    0.001730841002
882      0.002142135054
881.5    0.00205918448
881      0.002023995854
880.5    0.002020068699
880      0.002006649505
879.5    0.001831769361
879      0.001943173818
878.5    0.002178816358
878      0.00203874195
877.5    0.002164481673
877      0.002183525357
876.5    0.001852930174
876      0.002035490936
875.5    0.00212657894
875      0.002173639135
874.5    0.002115029376
874      0.002178113908
873.5    0.002139247488
873      0.002076688921
872.5    0.00222510146
872      0.002268581418
871.5    0.002234182321
871      0.0022568719
870.5    0.002383820014
870      0.002174679888
869.5    0.002436999464
869      0.002412061905
868.5    0.002312091645
868      0.002188858809
867.5    0.00224568299
867      0.002210661303
866.5    0.002262700582
866      0.002338428749
865.5    0.002102933824
865      0.002296373248
864.5    0.002308838535
864      0.002219117247
863.5    0.002360629383
863      0.002374814358
862.5    0.002468030201
862      0.002569728997
861.5    0.002381165046
861      0.002359614242
860.5    0.00258082198
860      0.002524839016
859.5    0.002485108562
859      0.002239750465
858.5    0.002361852676
858      0.002354122698
857.5    0.002397563308
857      0.002596316161
856.5    0.002415576018
856      0.002468134277
855.5    0.002271079458
855      0.002533613471
854.5    0.00247930293
854      0.002619285136
853.5    0.002443637466
853      0.002505598124
852.5    0.002463552402
852      0.002501067938
851.5    0.002459074836
851      0.002765460638
850.5    0.002702056197
850      0.002788672922
849.5    0.002496381523
849      0.002619206905
848.5    0.002443377161
848      0.00271726842
847.5    0.002584076952
847      0.002750351094
846.5    0.002700545592
846      0.002727870131
845.5    0.002674863441
845      0.00275647291
844.5    0.002749830019
844      0.002770071616
843.5    0.002502239542
843      0.002836013213
842.5    0.00279604597
842      0.00280941138
841.5    0.002688199282
841      0.002829290926
840.5    0.002826815704
840      0.002774891211
839.5    0.002616811078
839      0.002975328593
838.5    0.002703983802
838      0.002905404894
837.5    0.002948040608
837      0.002764835255
836.5    0.002901104977
836      0.003020160832
835.5    0.002778121736
835      0.002976240823
834.5    0.002846018877
834      0.002997718286
833.5    0.003168348921
833      0.002862330293
832.5    0.002855320927
832      0.00294181169
831.5    0.002790809376
831      0.002897691214
830.5    0.002939492231
830      0.002928650705
829.5    0.002773562679
829      0.003182273358
828.5    0.002782055642
828      0.003032620996
827.5    0.00305793318
827      0.002987266053
826.5    0.002999881515
826      0.003114662599
825.5    0.002648662077
825      0.003094222397
824.5    0.003352689557
824      0.002726359293
823.5    0.003004521364
823      0.003332525259
822.5    0.002950959606
822      0.003380524926
821.5    0.003183968365
821      0.003171269316
820.5    0.003081108909
820      0.003060696414
819.5    0.003243844025
819      0.003529957961
818.5    0.002974260133
818      0.00342868641
817.5    0.003209132934
817      0.003432652447
816.5    0.002956172219
816      0.003748159623
815.5    0.002925758017
815      0.003281348618
814.5    0.003619872266
814      0.003133774037
813.5    0.003162247129
813      0.003272141796
812.5    0.003589333268
812      0.003195728874
811.5    0.003708604258
811      0.003005746286
810.5    0.003373872489
810      0.0033971956
809.5    0.003522546496
809      0.003588341409
808.5    0.003259388031
808      0.003624022705
807.5    0.00316660176
807      0.003654146334
806.5    0.003648090176
806      0.003616217989
805.5    0.003903308883
805      0.004094755743
804.5    0.003570123576
804      0.004473901819
803.5    0.003531810828
803      0.004211159889
802.5    0.003377942136
802      0.00411675917
801.5    0.004260119516
801      0.003477871185
800.5    0.003124700626
800      0.004943803884
799.5    0.003514247714
799      0.0036782471462000004
798.5    0.004064553697200001
798      0.003857392631200001
797.5    0.003940634709200001
797      0.0037330065852000005
796.5    0.0038413883192000005
796      0.0042512619872
795.5    0.0036604076622
795      0.0039464009922
794.5    0.0040590230372
794      0.0038337812762000005
793.5    0.0040262367582
793      0.0038105396552000005
792.5    0.0037603758272000006
792      0.003981577512200001
791.5    0.004000562057200001
791      0.003945321124200001
790.5    0.0041619281282
790      0.003998192307200001
789.5    0.004027737584200001
789      0.004051253945200001
788.5    0.004123576265200001
788      0.004081435315200001
787.5    0.004085965268200001
787      0.0045560475442
786.5    0.0042018110862
786      0.0042471781372
785.5    0.004408741183199999
785      0.0037881944332000005
784.5    0.0041194933472
784      0.0044518623502
783.5    0.004102873895200001
783      0.004388552438200001
782.5    0.004451283067199999
782      0.004105534218200001
781.5    0.0042196463792
781      0.004241671692200001
780.5    0.004189956281200001
780      0.0044823352252
779.5    0.004390002042200001
779      0.0043558462522000005
778.5    0.0044517571111999995
778      0.0043820951132000005
777.5    0.004306752514200001
777      0.0042190670972
776.5    0.004668010212200001
776      0.004270680062200001
775.5    0.0041337961332
775      0.0043556883932
774.5    0.004348203819200001
774      0.0046598350632
773.5    0.0043073848822
773      0.0044014135372
772.5    0.0046219926331999995
772      0.0045301306992
771.5    0.004312918801200001
771      0.004435836151200001
770.5    0.005050315335199999
770      0.0046954907482
769.5    0.0046587537972
769      0.0044324889782
768.5    0.004559553973200001
768      0.004646227509200001
767.5    0.0049226319422000005
767      0.0044724762442
766.5    0.0046660590921999996
766      0.0047712966802
765.5    0.0045237241312
765      0.0045245148242
764.5    0.0047010293232
764      0.004480542429200001
763.5    0.0048130832612
763      0.0047467656432
762.5    0.004507221095199999
762      0.004772009142200001
761.5    0.0048929460352
761      0.0045735014602
760.5    0.0051212728022000005
760      0.0048791466282
759.5    0.0050169255582
759      0.0049561986702
758.5    0.0048851359631999994
758      0.0049455108122
757.5    0.0048584870992000005
757      0.005062087253200001
756.5    0.0049549320711999995
756      0.0049752786752
755.5    0.0051551980902
755      0.0048978010191999995
754.5    0.0051474615932
754      0.0051672903822000005
753.5    0.0049675989902
753      0.004965909570199999
752.5    0.0052044929942
752      0.0049069307742
751.5    0.0051645709202
751      0.0052995884792
750.5    0.0047236595302
750      0.0052199669182
749.5    0.005225406773200001
749      0.0053339235482
748.5    0.0053457038482
748      0.0052635649222000005
747.5    0.0051156224682
747      0.005383661762200001
746.5    0.0056068811562
746      0.0050356125462
745.5    0.0054168149831999995
745      0.005323279463199999
744.5    0.0053882317622
744      0.0051792243492
743.5    0.005583729409199999
743      0.005400225334200001
742.5    0.0054343042892
742      0.005819002911199999
741.5    0.0053958928212
741      0.0053349275142
740.5    0.005464686826200001
740      0.0055097106842
739.5    0.0056381745261999995
739      0.0056919919332
738.5    0.005364220403200001
738      0.0055397020652
737.5    0.0057695850732000006
737      0.005673223920199999
736.5    0.0061042521152
736      0.005410844274200001
735.5    0.0055811654781999995
735      0.0058588271961999994
734.5    0.0056128537281999995
734      0.005668016896199999
733.5    0.006027763523200001
733      0.0057702723892
732.5    0.0057783627882000005
732      0.0058236045762000005
731.5    0.0058805922052
731      0.005811916478200001
730.5    0.006109200232200001
730      0.005790393613200001
729.5    0.0056582100692
729      0.006031123735200001
728.5    0.0060843283312
728      0.006021070108200001
727.5    0.006162944063200001
727      0.0061905726792
726.5    0.0061510352422000005
726      0.0059429302812
725.5    0.0061011824762
725      0.005975570343200001
724.5    0.0063692748552000005
724      0.006258566677199999
723.5    0.0061886671931999995
723      0.0062487998982
722.5    0.0062873920422
722      0.0062866777182
721.5    0.0062882395461999994
721      0.0067067097842
720.5    0.0061947803941999995
720      0.0065683934842
719.5    0.0064447110522
719      0.0063025074082000004
718.5    0.006432742625199999
718      0.0066113591242
717.5    0.0067510137341999996
717      0.0066037828142
716.5    0.0067377647342
716      0.0065418265762
715.5    0.0069165069642000004
715      0.0067980259642
714.5    0.006792964224200001
714      0.0065785113722
713.5    0.0068911908242
713      0.0066715234842
712.5    0.006823204274200001
712      0.0067149762042
711.5    0.006926633234199999
711      0.0073070058642
710.5    0.0069392787341999995
710      0.0067536111941999995
709.5    0.0072333559442
709      0.0073266139242
708.5    0.0068319233141999995
708      0.0071752348942
707.5    0.007049338704200001
707      0.0069501481942
706.5    0.007298011144199999
706      0.007206934314199999
705.5    0.0068922515942
705      0.0072476815442
704.5    0.007294455354200001
704      0.0070809226442000005
703.5    0.0075687550042
703      0.007959256694200001
702.5    0.0074613232142
702      0.0074262356342
701.5    0.0075436130142
701      0.007320272554199999
700.5    0.0077299650742
700      0.0074483182241999995
699.5    0.0078266773342
699      0.007723617184199999
698.5    0.0079543402442
698      0.0079099124342
697.5    0.0079927396042
697      0.0079487597542
696.5    0.0077846001842
696      0.0079368826042
695.5    0.0081486038842
695      0.0079364839942
694.5    0.0083606949042
694      0.007897983114200001
693.5    0.0081433670642
693      0.0083693655242
692.5    0.0082421654842
692      0.0083568383042
691.5    0.0084724191542
691      0.0083552420142
690.5    0.0077789423941999995
690      0.0086651852342
689.5    0.0080065585642
689      0.0083241246642
688.5    0.0087216150042
688      0.0083221567842
687.5    0.0083054814442
687      0.008531618674200001
686.5    0.0085114499542
686      0.0085465719942
685.5    0.0088847445342
685      0.0086698157742
684.5    0.0086750330442
684      0.0089705547342
683.5    0.0092273119842
683      0.0088939590342
682.5    0.0090658914342
682      0.0094243854242
681.5    0.0087563551942
681      0.0090330977042
680.5    0.0090477762742
680      0.0091865647542
679.5    0.0094165734942
679      0.0096700198942
678.5    0.0094034027342
678      0.0093402720942
677.5    0.0094782745442
677      0.0094931282142
676.5    0.0096763165642
676      0.0096670852942
675.5    0.0098378302542
675      0.0097891798242
674.5    0.0095605475842
674      0.0098505875142
673.5    0.0099456373642
673      0.0098809868142
672.5    0.009813250784200001
672      0.010002394024200001
671.5    0.0102833786942
671      0.0103778557842
670.5    0.0103704536342
670      0.0101595696042
669.5    0.010356559234200001
669      0.0103733127942
668.5    0.0103943429842
668      0.0104569586042
667.5    0.0107303213342
667      0.0104400411242
666.5    0.0107985481642
666      0.0108605798342
665.5    0.0108088187842
665      0.0108584396542
664.5    0.0110643373842
664      0.0114054678042
663.5    0.0110033208542
663      0.0112297691442
662.5    0.0112142402642
662      0.0114574067342
661.5    0.011288595204200001
661      0.0114617466942
660.5    0.0114898484242
660      0.0115377249242
659.5    0.0117470815742
659      0.0116550939142
658.5    0.0117854688342
658      0.0119337167542
657.5    0.0119680173742
657      0.012338257204199999
656.5    0.0118703523642
656      0.0122584633542
655.5    0.0122342024042
655      0.012451573084200002
654.5    0.0122830726242
654      0.0125014621742
653.5    0.0122792355742
653      0.012603138384200002
652.5    0.012608616424200001
652      0.0127877768142
651.5    0.0127678129842
651      0.0129592165342
650.5    0.012841199334199999
650      0.012754996124199999
649.5    0.013232624904200001
649      0.0133521750542
648.5    0.0134628497042
648      0.0134873677042
647.5    0.013669178634199999
647      0.0137465678142
646.5    0.013679113984199999
646      0.013653077934200002
645.5    0.013749583434200002
645      0.0140279650642
644.5    0.013970087094200001
644      0.0143471609842
643.5    0.014526528124200001
643      0.014435539764199999
642.5    0.014375126734200001
642      0.014394894984200001
641.5    0.014625008034199999
641      0.0147092331242
640.5    0.0148334026342
640      0.014667725934200002
639.5    0.015161783244199999
639      0.0151893951042
638.5    0.0149808570742
638      0.015604230384199998
637.5    0.0154896013442
637      0.0156789615742
636.5    0.0158560637342
636      0.0158558215942
635.5    0.0158802837142
635      0.0159069679642
634.5    0.0159611262342
634      0.0161758221642
633.5    0.0162579108042
633      0.0166067525742
632.5    0.0163764812042
632      0.0168575428442
631.5    0.0166823089142
631      0.0169025685642
630.5    0.0170958571142
630      0.0169958386542
629.5    0.0172683808942
629      0.0174926880742
628.5    0.0177504036542
628      0.0176286593042
627.5    0.0182039316742
627      0.0178771305842
626.5    0.0180717509242
626      0.0182986229642
625.5    0.0182557094842
625      0.0181616533542
624.5    0.0184471782342
624      0.0185441289142
623.5    0.0187748175142
623      0.0190630096942
622.5    0.0189806882342
622      0.0192934263542
621.5    0.0194570858042
621      0.019547357034200002
620.5    0.0194378763442
620      0.0199202660442
619.5    0.0198367170942
619      0.0199719209242
618.5    0.0200541846442
618      0.0200092669542
617.5    0.0205426763742
617      0.0208266794642
616.5    0.0207904938642
616      0.0209353052042
615.5    0.0208891469942
615      0.021297762914200002
614.5    0.0215387463542
614      0.0216934334442
613.5    0.0216421213042
613      0.0218805789942
612.5    0.0219418004142
612      0.0220838923042
611.5    0.0223464358642
611      0.0225449379542
610.5    0.0226249422842
610      0.0229076154542
609.5    0.0229119330642
609      0.0230391014342
608.5    0.0234662693042
608      0.0236475698642
607.5    0.0236425276842
607      0.0238747566942
606.5    0.0243271391842
606      0.024189551174200002
605.5    0.0244412262042
605      0.0247735295442
604.5    0.0249069657142
604      0.0250709008442
603.5    0.0253171406642
603      0.0255746997942
602.5    0.0253349512842
602      0.0259829320042
601.5    0.0258707653742
601      0.0262763079242
600.5    0.0264642208842
600      0.0265742938942
599.5    0.0268866110642
599      0.0271865155542
598.5    0.0271633517042
598      0.0273089416342
597.5    0.027862275764199997
597      0.0277636114542
596.5    0.028016782184200003
596      0.028637311234200002
595.5    0.0283606339242
595      0.028800709914199998
594.5    0.028851679344200003
594      0.0292096722842
593.5    0.029488927494200002
593      0.029848201944199997
592.5    0.0296889085342
592      0.029996036364199997
591.5    0.030318940804199997
591      0.0301708009142
590.5    0.0306688498742
590      0.031257687884200004
589.5    0.031228809434200002
589      0.0313897643242
588.5    0.031974664704200004
588      0.032239182664200006
587.5    0.032222240044200004
587      0.03267845772420001
586.5    0.0326789904342
586      0.0329127524042
585.5    0.033447774874200004
585      0.0336067888842
584.5    0.033839869124200006
584      0.0343475107142
583.5    0.034531547504200004
583      0.0351371083442
582.5    0.0353513088042
582      0.0354944605342
581.5    0.0356749620242
581      0.035914565254200004
580.5    0.0362923581142
580      0.0367822598642
579.5    0.036944350974200006
579      0.03742002956420001
578.5    0.03742480911420001
578      0.0381170425542
577.5    0.03834836445420001
577      0.0385800961442
576.5    0.038997745884200005
576      0.03952534385420001
575.5    0.039706128464200005
575      0.0401606064242
574.5    0.040209918094200006
574      0.040897949414200004
573.5    0.0413807395842
573      0.041461764644200004
572.5    0.0420356493442
572      0.04244075603420001
571.5    0.042704275624200004
571      0.04300827793420001
570.5    0.0437065910542
570      0.0437003884442
569.5    0.0444074150142
569      0.0445679787542
568.5    0.0452450912442
568      0.0458106946242
567.5    0.0460533488542
567      0.046631566064200006
566.5    0.0470883537042
566      0.047281010824200005
565.5    0.048002200944200005
565      0.048235206674200004
564.5    0.048790941764200006
564      0.0493000064042
563.5    0.0498804625142
563      0.0501754160942
562.5    0.0509005811042
562      0.051468963544200004
561.5    0.051902140304200005
561      0.0526999745542
560.5    0.052980168534200005
560      0.0535445202142
559.5    0.0542029727242
559      0.054702534154200004
558.5    0.055005728084200005
558      0.055608751994200005
557.5    0.056207711624200005
557      0.0566218037142
556.5    0.057226954774200006
556      0.0578377794442
555.5    0.058362255614200005
555      0.05886964760420001
554.5    0.059388073904200006
554      0.0599723782342
553.5    0.0605934362842
553      0.0615493830342
552.5    0.061870123074200006
552      0.0624658267942
551.5    0.0633283283542
551      0.0637923877642
550.5    0.06437131278420001
550      0.06491004191420001
549.5    0.06547792516420001
549      0.0661736082242
548.5    0.0664262350642
548      0.06728235893420001
547.5    0.0677119743042
547      0.0686942439542
546.5    0.0693223129942
546      0.0699526321142
545.5    0.0707263227542
545      0.07123291753420001
544.5    0.0719764929242
544      0.07260020338420001
543.5    0.0731451090442
543      0.0739766683442
542.5    0.0745359089242
542      0.0751453142642
541.5    0.0757367860542
541      0.0763778042042
540.5    0.07726962380420001
540      0.07806081585420001
539.5    0.0785482402942
539      0.0792965691542
538.5    0.0798623960442
538      0.08089102320420001
537.5    0.0812885042242
537      0.0819685261742
536.5    0.0826550152142
536      0.0829532992142
535.5    0.08406047783420001
535      0.0844111170642
534.5    0.0849774058942
534      0.0858639951842
533.5    0.0862460162442
533      0.0868953492542
532.5    0.0876184728042
532      0.0882967513042
531.5    0.0887446280542
531      0.08945814035420001
530.5    0.0899424280942
530      0.09042796008420001
529.5    0.0910353835642
529      0.0916971515842
528.5    0.0919855859142
528      0.0925095032942
527.5    0.0931529875842
527      0.0933549132242
526.5    0.0941614311142
526      0.09439496211420001
525.5    0.0949332516642
525      0.0951744046042
524.5    0.0958153110042
524      0.0959948252842
523.5    0.0964211698642
523      0.0966874685142
522.5    0.09691645461420001
522      0.0972102683142
521.5    0.0978995588142
521      0.09796222561420001
520.5    0.0984936979142
520      0.0981926050142
519.5    0.0987826612142
519      0.0987727370142
518.5    0.0990711849142
518      0.0990963902142
517.5    0.09920958691420001
517      0.0993727993142
516.5    0.0994063865142
516      0.0995890599142
515.5    0.09945854061420001
515      0.0993996587142
514.5    0.0995482754142
514      0.0994544055142
513.5    0.0996973615142
513      0.0993446883142
512.5    0.0991769384142
512      0.0992445376142
511.5    0.0989688735142
511      0.0986494373142
510.5    0.0989161532142
510      0.0986605387142
509.5    0.09868080431420001
509      0.0981318679142
508.5    0.0976806756142
508      0.0977721315142
507.5    0.0975849878142
507      0.09744328521420001
506.5    0.0970458489142
506      0.0966059517142
505.5    0.09624424837420001
505      0.0961124848542
504.5    0.0954966273142
504      0.0953128363942
503.5    0.0950385507242
503      0.0946619313242
502.5    0.09403101615420001
502      0.0940834682442
501.5    0.09346555434420001
501      0.0930718060542
500.5    0.0927425947042
500      0.09235311560420001
499.5    0.0921101372642
499      0.0918388914342
498.5    0.0913313653342
498      0.0906643148542
497.5    0.0901605661942
497      0.0899919223042
496.5    0.0895355742442
496      0.0889643084242
495.5    0.0887526299842
495      0.0882707562342
494.5    0.08765850477420001
494      0.0874910231642
493.5    0.0868078123742
493      0.0864310365142
492.5    0.0862046804242
492      0.0858439009642
491.5    0.0849092554342
491      0.0849002104242
490.5    0.0845074009142
490      0.0843190129842
489.5    0.08374292664420001
489      0.0834158983042
488.5    0.0831287380342
488      0.0827583547642
487.5    0.0822837155342
487      0.0817856218642
486.5    0.0817825298742
486      0.08127796165420001
485.5    0.0810264822142
485      0.0806571047742
484.5    0.0801259454342
484      0.07977134250420001
483.5    0.0796987440442
483      0.07929672561420001
482.5    0.07880279682420001
482      0.0787668552242
481.5    0.0783090543042
481      0.07802162580420001
480.5    0.0779336418942
480      0.0775190319842
479.5    0.0772193770842
479      0.07732037715420001
478.5    0.0768814411042
478      0.07658098153420001
477.5    0.07614366225420001
477      0.07601589225420001
476.5    0.0757125865642
476      0.0757843058542
475.5    0.07545207701420001
475      0.0751991670542
474.5    0.0749340008942
474      0.0745988886842
473.5    0.0746749814642
473      0.07423319928420001
472.5    0.0740891274042
472      0.0740542586942
471.5    0.0738242071142
471      0.0735854458042
470.5    0.07362111173420001
470      0.0733666446042
469.5    0.0729759659642
469      0.0729823585642
468.5    0.0729216810342
468      0.0726298417942
467.5    0.07257399223420001
467      0.0723126109642
466.5    0.07213790975420001
466      0.07202619575420001
465.5    0.0721016850342
465      0.0717129509942
464.5    0.07169685773420001
464      0.0719125743942
463.5    0.0713237028542
463      0.0711933251442
462.5    0.0713236060042
462      0.0712736200542
461.5    0.07134774588420001
461      0.07110803090420001
460.5    0.0709435891342
460      0.0709003981242
459.5    0.07067867629420001
459      0.0704730849742
458.5    0.0706651683942
458      0.0703980874242
457.5    0.07021078728420001
457      0.07036130391420001
456.5    0.0702107574742
456      0.0702463936042
455.5    0.0701336663242
455      0.07021732144420001
454.5    0.0700156565742
454      0.07018818222420001
453.5    0.0700223695442
453      0.0697041925042
452.5    0.0698272611942
452      0.0695149850142
451.5    0.0696381878142
451      0.06971369199420001
450.5    0.0695499580342
450      0.0693509306742
449.5    0.0697582613642
449      0.06981791816420001
448.5    0.0693095799542
448      0.0698315825342
447.5    0.0698151912542
447      0.0696924578442
446.5    0.0694951441142
446      0.0693633209942
445.5    0.0694411721042
445      0.06932662688420001
444.5    0.06933326535420001
444      0.06937281303420001
443.5    0.0693473171442
443      0.0694010954342
442.5    0.0691501822342
442      0.0691652994642
441.5    0.0694085385642
441      0.06913097463420001
440.5    0.0695606421642
440      0.0692793082442
439.5    0.0692809622742
439      0.0692894112342
438.5    0.0692398052642
438      0.0693526443142
437.5    0.0691489305342
437      0.0694546055042
436.5    0.06925051175420001
436      0.0693582396942
435.5    0.0695373069542
435      0.0693347331142
434.5    0.0696182500542
434      0.0693435471542
433.5    0.06949447356420001
433      0.0696218635842
432.5    0.0695647772442
432      0.06929519288420001
431.5    0.0696757089342
431      0.0693630155142
430.5    0.0695138823242
430      0.06966639570420001
429.5    0.0695396985842
429      0.0692776616642
428.5    0.06962722055420001
428      0.06969335191420001
427.5    0.0696047421542
427      0.0697469588342
426.5    0.0698128294242
426      0.06958271823420001
425.5    0.0695990126542
425      0.0698172401642
424.5    0.0698269259142
424      0.0698860090242
423.5    0.0699829485242
423      0.0696292098642
422.5    0.0698771204842
422      0.07015313468420001
421.5    0.0698734100942
421      0.07039398215420001
420.5    0.0701462056442
420      0.0702295552942
419.5    0.0705047499342
419      0.0703786414142
418.5    0.0702473174742
418      0.0705726396342
417.5    0.0703209962742
417      0.07061254493420001
416.5    0.0705570530142
416      0.0708038609442
415.5    0.0707016687842
415      0.07070965580420001
414.5    0.07120260857420001
414      0.0711262848242
413.5    0.0712671007942
413      0.0709997441642
412.5    0.0709684740742
412      0.0709191661342
411.5    0.0711713161342
411      0.0712792154442
410.5    0.07141127698420001
410      0.0714640866942
409.5    0.07150231562420001
409      0.0714799862342
408.5    0.0714867513642
408      0.0715443369042
407.5    0.0716423567342
407      0.07165380828420001
406.5    0.0717299085142
406      0.07210723571420001
405.5    0.0719518613042
405      0.0720568101842
404.5    0.07201773189420001
404      0.07208884023420001
403.5    0.0719679992642
403      0.07276058457420001
402.5    0.0722277190542
402      0.0727132361342
401.5    0.0724834676842
401      0.0725687470242
400.5    0.0725526835742
400      0.07270799093420001
399.5    0.0728617262142
399      0.0723082970842
398.5    0.0726851996042
398      0.0732748981542
397.5    0.0732319083042
397      0.0733971025842
396.5    0.0739071916742
396      0.0733824547342
395.5    0.0735757377042
395      0.0742124568642
394.5    0.0737600799642
394      0.07393669597420001
393.5    0.0739868756342
393      0.0740145619942
392.5    0.07456202320420001
392      0.07393057160420001
391.5    0.0741804566242
391      0.07440548651420001
390.5    0.0743055742242
390      0.07480550818420001
389.5    0.0750800546242
389      0.0753178771542
388.5    0.07505326233420001
388      0.0750530090142
387.5    0.0755200933642
387      0.0752386923842
386.5    0.0761416357042
386      0.0762721102642
385.5    0.0748789113042
385      0.0761063497542
384.5    0.0757056277242
384      0.0759199585742
383.5    0.0758535590042
383      0.0764621075242
382.5    0.0764338921742
382      0.0768717851442
381.5    0.0768732752642
381      0.0766303416342
380.5    0.0766935300042
380      0.0766521271342
379.5    0.07688137404420001
379      0.0772031124642
378.5    0.07791284732420001
378      0.07771899812420001
377.5    0.0774028699842
377      0.0776345755942
376.5    0.07752838991420001
376      0.0776087444242
375.5    0.0785514291342
375      0.0783760797242
374.5    0.07853185646420001
374      0.0784242104742
373.5    0.0786054532942
373      0.0782480042442
372.5    0.0782705869542
372      0.07909841351420001
371.5    0.0789807911942
371      0.0789689671242
370.5    0.0789904322442
370      0.0794977050242
369.5    0.0787782397142
369      0.07932648323420001
368.5    0.0795704301442
368      0.0804434668242
367.5    0.0800276201242
367      0.0794786240942
366.5    0.0803471159142
366      0.0800584878742
365.5    0.0803205546042
365      0.0803053926642
364.5    0.0805153798342
364      0.08079453073420001
363.5    0.0816686552042
363      0.08142072223420001
362.5    0.08134400360420001
362      0.0814490791442
361.5    0.0819497805042
361      0.08163946382420001
360.5    0.0821232374742
360      0.0819075282642
359.5    0.0811940681142
359      0.0817579951142
358.5    0.0811126407242
358      0.0817826565342
357.5    0.08131596706420001
357      0.0820240180942
356.5    0.08215939514420001
356      0.08269058428420001
355.5    0.08165571354420001
355      0.0817906286542
354.5    0.0831906672542
354      0.08237781636420001
353.5    0.08260733150420001
353      0.0822946827842
352.5    0.0839803170442
352      0.0822278063742
351.5    0.0833067100542
351      0.0831975515942
350.5    0.08166720233420001
350      0.08455663397500002
349.5    0.08642402514500001
349      0.08575847968500001
348.5    0.08602010682500001
348      0.08593858257500002
347.5    0.08634639009500002
347      0.08643172904500002
346.5    0.08630876466500002
346      0.08698344454500001
345.5    0.08605139926500002
345      0.08648199066500002
344.5    0.08590358719500002
344      0.08686780408500001
343.5    0.08622005805500002
343      0.08674483969500002
342.5    0.08774413392500002
342      0.08680262640500001
341.5    0.08663628473500001
341      0.08690535500500002
340.5    0.08652359470500001
340      0.08703938350500001
339.5    0.08720416054500002
339      0.08841219022500002
338.5    0.08716023936500002
338      0.08752431199500002
337.5    0.08755705729500002
337      0.08823205009500001
336.5    0.08794071003500002
336      0.08865569755500002
335.5    0.08862239345500002
335      0.08791891709500002
334.5    0.08744622245500001
334      0.08900188878500001
333.5    0.08930112645500002
333      0.08921620473500001
332.5    0.08920528963500002
332      0.08955282196500002
331.5    0.08928529396500001
331      0.08894222453500002
330.5    0.08949962481500001
330      0.08893074318500002
329.5    0.09018903449500001
329      0.08937587812500002
328.5    0.09032814428500002
328      0.09036685004500002
327.5    0.09014522507500002
327      0.09065204337500002
326.5    0.09070275947500002
326      0.09069395288500001
325.5    0.09132539704500002
325      0.09072639271500002
324.5    0.09120670929500002
324      0.09121296033500002
323.5    0.09130852893500002
323      0.09103825911500002
322.5    0.09191107228500002
322      0.09221437797500001
321.5    0.09191980436500002
321      0.09222693964500002
320.5    0.09263979867500002
320      0.09315047636500001
319.5    0.09300971999500002
319      0.09307259544500002
318.5    0.09293073639500002
318      0.09341337010500002
317.5    0.09344555661500002
317      0.09413768574500002
316.5    0.09411657825500001
316      0.09411306157500002
315.5    0.09416463449500002
315      0.09442568793500002
314.5    0.09510508403500002
314      0.09493989721500001
313.5    0.09549605324500002
313      0.09596216902500002
312.5    0.09644844606500001
312      0.09588812515500002
311.5    0.09664290621500002
311      0.09626445397500001
310.5    0.09679442122500002
310      0.09699098244500001
309.5    0.09698009714500001
309      0.09714307114500002
308.5    0.09853061511500001
308      0.09785632267500002
307.5    0.09837477131500001
307      0.09920454251500002
306.5    0.09863084031500002
306      0.09912429231500001
305.5    0.09891750141500001
305      0.09953043831500001
304.5    0.09982491511500002
304      0.10053646041500001
303.5    0.10077748671500002
303      0.10058965761500002
302.5    0.10080157441500001
302      0.10115841251500002
301.5    0.10129494441500002
301      0.10119242441500002
300.5    0.10170798231500001
300      0.10269244241500002
299.5    0.10285122171500002
299      0.10336961071500002
298.5    0.10311702861500002
298      0.10354255361500002
297.5    0.10387551261500001
297      0.10398612391500002
296.5    0.10445235891500002
296      0.10459707151500001
295.5    0.10558188181500001
295      0.10542362411500002
294.5    0.10616700571500001
294      0.10619428231500001
293.5    0.10700845941500002
293      0.10703671201500002
292.5    0.10706676761500002
292      0.10756894421500002
291.5    0.10832344221500002
291      0.10797020271500002
290.5    0.10848953051500002
290      0.10952873011500001
289.5    0.10945219771500002
289      0.10992587581500002
288.5    0.11049034671500002
288      0.11047449191500001
287.5    0.11080496241500001
287      0.11172108571500002
286.5    0.11185822861500001
286      0.11238737631500002
285.5    0.11204998421500002
285      0.11267248761500001
284.5    0.11344536621500002
284      0.11443772391500001
283.5    0.11426261291500002
283      0.11463225111500001
282.5    0.11527503501500001
282      0.11601719481500002
281.5    0.11669381931500002
281      0.11574765521500002
280.5    0.11710533721500002
280      0.11700738441500001
279.5    0.11767615601500002
279      0.11820177211500002
278.5    0.11859908181500002
278      0.11907796781500002
277.5    0.11963786411500002
277      0.12050965651500002
276.5    0.12060068771500002
276      0.12105094121500001
275.5    0.12108177911500002
275      0.12179283271500002
274.5    0.12187329161500002
274      0.12257733421500001
273.5    0.12352529391500003
273      0.12356244251500001
272.5    0.12389877661500001
272      0.12446043121500003
271.5    0.12502509581500001
271      0.12477094161500002
270.5    0.126273053115
270      0.125965195115
269.5    0.12724064511500002
269      0.12721462771500003
268.5    0.12757209171500003
268      0.12833160381500003
267.5    0.128609734015
267      0.128615649815
266.5    0.12971765031500002
266      0.12982446181500001
265.5    0.129769938415
265      0.13089528901500003
264.5    0.13055931251500003
264      0.130946563915
263.5    0.13199654441500003
263      0.13236963971500001
262.5    0.132647442115
262      0.13334742411500003
261.5    0.13309310601500002
261      0.133282961715
260.5    0.133749964115
260      0.13374473381500002
259.5    0.134661140315
259      0.13506227951500002
258.5    0.134422945215
258      0.135722207315
257.5    0.13590558101500003
257      0.13610306601500002
256.5    0.13623436021500002
256      0.136588486315
255.5    0.13658194471500001
255      0.13657909851500002
254.5    0.13724361581500003
254      0.13757921981500001
253.5    0.137736084315
253      0.13763764721500002
252.5    0.138317229615
252      0.138085337715
251.5    0.139034467215
251      0.13886079411500002
250.5    0.13929139301500001
250      0.139305862015
249.5    0.139987620015
249      0.13918487951500003
248.5    0.139899896815
248      0.14003055021500002
247.5    0.14009282211500002
247      0.14097985851500003
246.5    0.140922518815
246      0.141097488215
245.5    0.14071081801500002
245      0.141458632815
244.5    0.14125804831500002
244      0.14226693141500002
243.5    0.14217801611500003
243      0.14245733841500002
242.5    0.14250098391500002
242      0.14276303571500001
241.5    0.14222251101500002
241      0.143287988715
240.5    0.14333768411500003
240      0.143476503315
239.5    0.143357234415
239      0.14395810891500002
238.5    0.14378451031500003
238      0.14439873621500002
237.5    0.14456272351500002
237      0.14419159521500002
236.5    0.144375430815
236      0.144625204015
235.5    0.14469644651500002
235      0.145139964715
234.5    0.145459758515
234      0.14522955041500002
233.5    0.14533934221500003
233      0.14545856641500002
232.5    0.14548120121500002
232      0.145318316715
231.5    0.14538890351500003
231      0.145610960615
230.5    0.14578117651500003
230      0.14569570351500002
229.5    0.145898061215
229      0.14623613881500003
228.5    0.14687425121500003
228      0.14640002171500002
227.5    0.14708903651500002
227      0.14697082561500002
226.5    0.14692989211500002
226      0.14756945001500002
225.5    0.14763756321500002
225      0.14709735141500002
224.5    0.14798753191500003
224      0.14842632631500002
223.5    0.14816090691500003
223      0.14880386221500003
222.5    0.14909689351500002
222      0.148481818315
221.5    0.149224924315
221      0.149671184315
220.5    0.14980271681500001
220      0.150392743215
219.5    0.150574924815
219      0.150287913515
218.5    0.15068507421500002
218      0.151039632415
217.5    0.151123496115
217      0.15170750241500003
216.5    0.15175403881500002
216      0.15220283191500003
215.5    0.15205411841500002
215      0.15197491871500002
214.5    0.15260312181500002
214      0.15306063221500002
213.5    0.152796836915
213      0.15331556131500002
212.5    0.15409967531500002
212      0.15396845561500003
211.5    0.15466763301500003
211      0.153776156115
210.5    0.154201986615
210      0.15455553161500002
209.5    0.15442529541500002
209      0.154734598815
208.5    0.154820518915
208      0.15438702921500003
207.5    0.15616515501500003
207      0.155173482715
206.5    0.15577242001500002
206      0.15515093731500001
205.5    0.155672239515
205      0.156166719615
204.5    0.15699191611500002
204      0.157012643715
203.5    0.15636638031500003
203      0.155711757415
202.5    0.15738603691500003
202      0.15707315731500002
201.5    0.156480106015
201      0.156114640115
200.5    0.156205239115
200      0.155802177615
